100
29
21948 23772 3280 59596 47022 93621 35210 54285 74440 13495 21209 53801 47235 52920 71826 25239 54533 31916 75 9777 38073 91289 52818 12677 50276 90807 4925 26062 10517 
47 64 40
79
74340 8358 9991 61816 8082 56978 52852 83607 15718 34219 49786 49475 70499 91081 1940 87730 98451 76642 58647 78451 19839 16851 49971 22660 30245 20203 38327 55358 76768 59976 16375 23138 78000 13187 73126 77587 67723 93355 52893 88637 94739 4032 7803 54696 62113 29525 85083 27586 38899 94571 23123 96512 56596 89209 83906 15121 33378 98981 5225 4975 44082 8364 19268 59823 86400 5335 13536 87304 29406 94230 35685 39971 23093 28105 80837 93129 57347 19629 29744 
59 64 32
65
6655 21450 14115 92681 84260 96593 72868 32797 63884 87468 24895 83505 46228 47507 78585 9107 79965 45090 41993 26063 99666 35953 98257 91475 43466 37625 60133 51431 73840 2069 69789 42810 87999 79716 5908 10166 1982 65375 60502 69771 9439 61437 84471 82126 23342 83091 54301 12731 58051 38492 50205 89182 44608 25073 192 22252 78755 51592 40325 8318 24438 81732 69790 43231 99851 
84 86 43
82
2524 9538 8557 31492 22164 30871 82038 9929 61665 90185 33717 87126 19704 62148 56081 22173 67704 54430 75507 50774 52180 98826 60759 57868 41518 32585 60621 15983 38707 37070 8558 30522 34666 51463 24906 38983 26213 18482 77906 24093 99671 44810 37340 40719 9923 28135 51063 18397 48442 21991 16878 30054 7325 26513 43199 901 88724 31273 25036 77268 2011 46827 59890 6274 18693 42662 26345 97817 37482 23021 60369 65468 94717 22582 36771 92379 19934 98707 30488 72813 49659 23288 
24 38 9
7
61425 39674 63298 92447 603 93091 35153 
30 60 31
100
55650 53762 41986 7403 49375 25636 91221 80107 20849 72999 96062 24639 25478 47687 25565 86915 17610 27728 93045 73241 34728 54038 62048 99001 35103 40592 57601 64842 94497 13741 73285 50937 40902 43007 12713 90649 8999 59368 67163 68570 63913 75986 28779 39324 69121 21839 4060 99862 25615 85655 88824 58332 66734 97598 22407 89917 98405 51594 70082 87476 81579 77216 95825 53859 43129 15111 1796 11918 49765 59631 25088 6241 1556 71393 5237 19077 87768 39422 71284 96375 71036 40254 35093 55782 2714 11237 82513 99851 18142 76936 10352 31345 42910 23822 42257 12545 95854 375 71795 92997 
27 35 19
8
1179 71311 68837 28681 41395 25733 67024 2380 
65 12 21
93
78579 2220 22359 17204 91985 85472 79761 28910 55808 56442 31777 50528 10951 78406 46665 85946 78277 8153 91530 46193 1458 60520 89173 84704 63389 51000 95941 77624 52753 51654 68092 35631 31964 68823 21848 4768 83815 63177 16284 55897 9860 64604 81742 20320 64556 27798 65564 19736 95398 26490 13509 49707 70266 72081 28927 97716 42289 5194 77960 55873 33046 97718 9117 99768 35186 51479 61650 39273 74670 61896 68666 47976 35012 9911 84324 26309 42172 62889 47133 14577 78118 54899 31540 95772 76100 80396 62523 67030 10194 52276 21305 39943 31539 
55 89 30
48
88536 71766 55530 45828 141 48822 8981 55017 62218 97622 52480 77054 2154 33635 37344 2428 71242 8323 75236 14992 43269 21667 37885 90946 15896 19665 74678 77075 44933 6102 84088 70787 55082 87943 58265 6012 63446 49916 75612 95994 93962 94710 77915 94057 11150 37106 35211 30502 
80 13 1
17
42139 84838 71293 87913 83004 45959 88753 19082 35482 32536 78903 94617 32142 15535 79910 94374 40544 
25 22 25
86
81473 2915 85492 64159 57951 17100 14191 63607 22413 26715 16588 81812 8723 25480 11933 7833 2885 15856 78451 31951 57329 71342 18037 89480 45912 17217 47730 55386 85928 9726 64940 53169 63907 65408 55959 30897 23259 37193 40099 94245 17080 96576 10638 46703 95094 6775 89190 89154 69023 87052 41586 91751 4669 24935 65021 81234 87067 14226 15939 71516 17200 85504 17129 47302 52917 62815 14401 14352 95920 29207 13560 75570 81605 16259 37915 13257 26046 76201 98163 63186 59854 14835 20811 85417 47222 97482 
6 3 8
79
79178 65931 79380 51638 62767 36906 9188 54179 50585 21370 14402 39275 31309 25746 10057 53293 19655 99358 88846 68958 73358 44328 7463 22896 55631 82127 68794 73904 25237 97159 68625 41883 90846 47008 30500 25098 52722 58245 90068 49254 9173 78836 62541 52990 19096 44114 5759 57023 51348 19906 98542 69571 30638 88938 78556 14769 33963 21727 12705 67151 36633 55232 69410 75417 59161 49709 53182 4987 61165 63083 20261 1123 48711 98112 54199 7285 87253 4469 27922 
5 94 11
40
10684 98885 85790 31582 73808 53510 67917 52870 53551 6151 92459 59 17712 73494 48442 72852 11003 90332 31946 1488 73511 44438 71130 27362 40845 10518 98821 48656 57333 85780 62285 7370 85282 41156 9744 13323 12707 61357 5446 33181 
37 16 10
91
2694 87310 42433 87375 42421 9728 38566 96880 7690 46041 87590 95206 5660 4960 32656 36334 40522 7780 12268 66355 76193 40754 99943 97076 7726 2922 9779 99092 83058 1489 56676 14004 48912 1269 51998 33314 45998 57708 28098 91521 45433 48410 4263 42242 58190 11932 78675 88700 70421 80718 24389 38877 83213 39758 60238 91466 63114 41481 85078 88442 63092 44770 91079 50294 78814 81582 94000 7386 81197 72852 9473 73525 73431 72580 77663 40399 99912 81991 74108 94378 22198 75692 19553 43092 1751 34978 97297 17085 21822 54597 65026 
79 9 36
49
50636 18350 51668 65313 71092 36065 18611 5001 67349 79334 75733 70798 59718 44539 50490 65251 39812 28634 94608 59468 41939 23784 45739 93921 93475 62622 82441 64980 57862 87471 84901 8059 23745 49819 22535 51665 10811 21417 11274 17439 20246 73418 97325 94491 30623 41161 34721 23669 80931 
71 78 35
27
48255 87474 30973 62911 8430 51286 88442 3432 7257 85197 73009 1005 13100 43146 39447 41438 65226 16040 40746 5637 60254 41795 61259 32651 33850 66923 25398 
44 98 7
59
76407 68230 33172 92792 45587 48830 99115 5768 74866 10152 72123 63108 53291 64979 46751 72489 84329 99710 57410 16785 8105 20445 65260 94431 33541 83636 66151 69446 30394 62783 93579 93537 31141 15159 75789 5043 47378 887 15198 5492 93596 71576 67521 52761 33642 84779 73566 52345 81261 45243 868 72211 69385 59058 5285 83586 80845 71276 86165 
17 39 38
26
60233 95749 97779 72043 82452 61268 14112 1342 46 22251 14223 99293 31419 66169 69450 9592 77800 69305 57732 87097 8445 4956 80703 97965 48611 82251 
97 5 38
22
24785 10806 77378 29067 1793 25984 68070 90846 90624 68904 33958 14671 87741 65825 68294 26421 8987 25208 67109 9777 44664 5860 
74 57 15
99
94592 65365 50217 38542 44191 47159 83358 96315 60736 70309 67624 34335 7270 85506 7007 5133 96237 85907 73177 21409 97956 78497 86907 54611 55636 11788 28323 40247 28447 35383 86156 68921 74665 98013 58242 68913 77757 51927 10570 4779 48629 89464 63862 13369 89400 66058 75595 62371 30782 62129 38623 3592 97789 80873 5063 21396 1926 88518 47774 23364 34167 66305 93425 44831 727 73396 59729 31758 69540 75530 5857 12030 44301 39739 31744 29217 67699 17277 9160 9942 11503 67964 24981 23451 90860 36016 92000 57323 16653 22704 69267 66252 4460 13296 62551 49602 25219 98304 23694 
81 5 40
7
5641 39855 6527 77763 41395 77506 53773 
44 25 31
64
32771 95857 86743 78123 93819 38615 61233 44946 61333 40052 95759 26843 21885 28978 13929 31806 9498 92144 89530 16206 29770 65681 4438 40221 50544 71646 8285 71565 3409 86240 85146 85712 89997 15006 97483 80207 71723 60525 13656 44189 14471 5642 57980 58286 91737 1334 71366 73434 44674 71162 60504 54800 76561 64557 71883 83149 51781 86545 71254 1861 92786 11117 52426 44840 
35 99 5
87
82637 83226 40362 58432 34099 69650 56259 45743 82933 10013 30833 36976 21104 60112 42816 24213 16206 46847 34243 22132 31632 59004 22271 64922 79944 21561 38500 26647 35542 99767 62667 6556 77913 68599 92955 59490 12953 32032 75898 14450 26662 73212 83202 3689 33668 7366 78578 37626 83978 767 44920 48093 68477 39882 8222 12434 65786 98869 53461 17951 95691 52251 26145 30134 25547 80912 32791 24245 74911 75433 90076 67389 65599 4132 76519 2141 21879 19546 14277 66815 69382 60563 18159 22481 39633 59768 41742 
36 92 42
83
12002 88507 88091 26091 85351 86036 37561 95554 68657 24203 91640 31194 62591 52531 17640 37538 60585 90829 55654 98831 384 36557 73081 34906 7162 80992 95870 47540 4182 55684 14449 29628 598 55577 46231 51418 39445 85547 32821 98104 35275 39260 34566 39829 39478 81636 8852 81269 77854 29094 27204 94965 9409 20732 68972 63818 57045 76637 32632 86394 94165 69541 87340 14428 38882 3229 22242 96894 78771 48316 43036 48287 49750 14180 90580 67251 8856 87867 97238 14069 28658 99772 81495 
44 29 30
23
91967 93137 1807 16778 73503 24936 24080 80133 99561 12845 32803 6255 23183 91639 83554 6838 61273 18794 37740 63555 94648 45816 56042 
67 18 10
61
73715 54011 98720 2590 11749 53349 84648 61278 68443 62466 38631 76944 53396 54742 70186 87373 89652 30009 10620 34097 9200 35859 40084 60164 92769 17517 6164 46790 50106 89104 30712 39780 34637 27669 79298 86692 8892 27177 46621 17540 51791 38751 6760 91212 25896 93809 19022 15442 70405 54854 38790 48849 50622 31909 13335 7413 60781 23355 97306 97478 46625 
64 71 18
31
33471 11752 15527 58787 66564 67217 25028 68986 23775 56847 10952 9241 18775 91533 59047 53854 78904 71396 82822 59184 66070 64171 82676 62958 43956 84054 18781 14344 64542 33855 61612 
9 40 17
11
6555 27333 85766 37254 35396 64944 23044 54667 90002 75621 11861 
24 20 31
66
24170 49335 64447 11500 85019 64901 97001 11044 33196 57736 55705 4978 60345 2238 10473 68533 36126 41299 64126 77988 4836 24893 54948 72313 3203 9809 45515 56234 87531 27035 73278 35456 88167 4336 56827 23358 34808 36030 60240 65070 61701 43537 31819 10958 72090 53023 91016 82544 79212 73377 66947 30279 59069 9009 89935 55391 21792 40817 67273 51936 49940 61278 47224 5355 90257 26989 
5 62 35
24
36227 77881 95034 48154 18009 15724 99536 27191 82421 87417 52928 4803 40239 91683 75623 7379 41104 39317 83697 17785 69111 99715 93892 57875 
27 27 41
16
95549 45598 16173 92445 34634 66705 97342 47493 86618 86117 97686 34283 94652 7995 90879 3954 
14 23 50
44
75015 90379 25997 20258 72392 55795 35627 16642 59113 75813 80507 24205 96514 11855 18273 3488 54008 40791 55123 49651 3785 54455 45876 17497 55601 35410 81316 19175 99710 98131 72300 64178 73095 60231 59992 22488 70145 29243 5764 8049 12102 89007 80956 75885 
54 26 48
99
58733 3712 88935 68808 65563 64167 11759 47864 7365 84885 21647 51370 32978 9141 75217 16277 68619 34303 51073 74134 95494 71877 77795 47401 81324 91383 97401 90549 99022 533 89616 61288 36187 91009 50221 91261 65749 86473 9343 80795 85557 69683 87788 71752 41855 81969 1849 13760 36344 61542 69632 68902 91429 65296 17453 15942 86301 92341 44631 17967 97028 12210 56807 79620 7776 89112 43940 13936 86327 60955 81478 71639 52231 13772 74488 91782 49129 95065 78743 7799 35757 68342 37629 52462 84309 93043 62970 60071 54664 13446 93509 67937 11709 27582 25413 97038 64777 75503 85870 
7 52 15
50
56546 24734 39056 60556 1699 64924 74769 31922 35499 94664 62696 47780 65031 55043 47302 24658 91961 96556 97963 91205 9798 52978 65401 77856 59351 76596 85904 10216 27655 50045 31699 81879 84852 99777 72161 54792 65312 78741 73014 80837 21131 54725 67065 15699 4752 57469 19386 25752 65197 87447 
76 1 31
26
35636 57935 4692 7567 93455 83728 65649 68403 92816 50652 35772 71983 60963 71154 33548 34017 87653 72601 95769 17497 68637 36082 22032 89269 8364 10167 
11 51 23
18
4834 60412 66304 67823 16719 52136 74611 85435 54394 10626 97100 55929 24926 90181 90585 62187 95285 82115 
7 50 41
14
92464 71501 84107 460 33311 92401 64085 79842 2163 26210 57699 9372 86978 89367 
18 41 8
39
76154 68984 64274 98237 24203 84281 36930 20965 59770 19406 59565 37892 51315 12411 13414 54796 45694 97974 57061 79185 61538 91910 88851 17729 60962 44399 10676 12951 68646 4872 17527 4906 75592 81243 67129 86080 11234 82398 90363 
11 10 25
60
60005 54855 62858 40504 76803 71 86617 506 32974 35658 39716 24306 52124 74192 51895 26887 5447 55391 13355 2076 8737 66974 77170 61200 68397 12015 42912 79655 77448 61201 11269 81539 30081 30326 11761 26200 2683 90888 79272 1855 42728 96068 18243 43639 35008 39494 26233 15388 20903 74433 32372 3609 42842 23057 26899 37026 16765 34250 84649 76720 
88 92 27
31
60490 10383 24788 69710 88377 20743 92109 21376 45654 36727 51297 43996 84973 15143 65599 73256 67244 76809 33679 7263 90284 46599 2194 3937 71966 52740 31792 69480 12310 46429 19779 
2 4 49
19
22268 83824 12098 91514 48227 32009 21191 85531 56582 52755 69783 45750 60390 23265 25867 22956 63730 23767 2203 
97 56 40
57
89941 42459 58976 68651 94622 16231 33136 67617 56753 93869 47956 97217 37201 25092 83421 71791 69390 58459 17951 15331 40610 44619 17719 48968 8945 81066 50859 83557 53937 99569 71070 50997 64042 82699 83005 91566 92174 55609 46 85570 39174 42245 78434 99781 99673 50420 16016 57247 76886 39073 28914 4998 84161 54296 48018 31096 60981 
5 8 47
72
62587 77496 24365 54183 24887 24406 90112 88785 8298 65307 83480 71259 18142 39455 65686 5779 82403 36751 10873 20126 20522 10749 69948 35004 11419 38493 17591 50488 80893 91363 62842 85503 96362 80950 92177 49525 91032 30854 76122 93862 5693 62507 55618 19950 90920 6437 84664 30501 89383 8898 83954 57014 28500 66355 92130 23722 42481 72135 60748 14455 70281 79449 68472 2489 92155 93271 2986 55403 54113 89361 11970 68550 
4 81 2
78
90013 61424 69017 16767 70663 87904 59003 96405 44789 35600 8106 67900 942 84387 92497 49671 68664 82586 40565 13050 38643 56810 10341 6204 35334 85557 34931 4679 22889 1199 6857 95697 50541 97208 18367 20047 16880 3412 31288 12055 36468 10052 55637 75502 62543 16409 28340 40236 40603 26104 75100 97595 75140 24695 68392 46305 51356 63954 57733 86778 93313 93069 81117 38577 67261 22433 83312 8178 8152 55015 31622 59515 10825 34274 29312 68142 35829 55276 
70 87 27
29
52681 46038 36341 86906 90344 34677 11837 67101 15212 8404 68754 50259 59174 88460 50730 57573 82890 1086 41899 74601 99879 36554 50850 87087 29627 67181 90273 18644 9290 
7 85 15
56
38213 43349 62361 80922 73993 32572 85745 78410 40578 31244 13867 56259 86674 8189 52439 32056 76304 58066 70124 11495 83323 65930 17836 87137 62085 91070 88058 21572 92978 11543 63923 63850 19245 73503 51008 76582 53502 13063 9797 34138 72289 69327 31210 31784 16513 52334 10548 29542 72088 15285 99837 83347 29256 86242 8084 63851 
93 31 42
64
77771 15842 32935 43548 20773 78860 88884 78876 21388 81620 42343 13458 59361 40082 33196 3498 16519 95818 26124 14908 52511 92083 10654 16592 4755 29523 45780 28015 20110 31315 86085 51687 19418 61371 79478 74034 77218 87479 8080 15761 87309 24730 42491 14045 74870 99411 87190 28072 21478 1807 8700 52358 10359 40446 46239 61265 92717 32731 32841 32369 15591 34168 75386 86259 
66 77 24
95
57432 82542 21959 21277 8525 14055 53684 73226 84651 32891 47625 38862 35695 96781 77138 51175 7414 58056 31131 64231 31015 21226 56840 17939 13229 33320 77876 76303 73071 89678 40178 75017 90975 86805 69180 81628 68746 73758 24712 80750 74247 94422 29964 55712 25865 52797 3312 94291 93866 96639 234 3166 35955 21030 28885 65164 59876 29500 84852 33381 41742 15673 48422 5985 87190 55606 8003 27278 41607 462 17138 25820 95289 67089 41067 52131 2885 79679 76191 27751 81036 38974 50667 86973 55908 28668 63513 33557 11153 10553 94742 26062 97590 93788 50115 
26 73 3
79
13574 95893 56444 6348 67694 97603 35456 53125 40889 73694 32244 80481 35323 16042 79438 18397 63150 92390 44423 76358 8186 64362 59492 59112 68209 27537 89392 56737 2160 97670 16928 9663 47569 96596 76756 88205 59000 75059 74271 52619 43295 87128 59867 95141 15278 68183 12895 69893 59274 35063 33844 3377 74738 99637 48368 41235 66511 78995 42296 28215 808 76302 72868 84785 44429 93457 12851 61470 14856 89261 23392 96226 92232 85011 21306 57920 67550 2566 81023 
23 99 1
63
19405 73529 61507 83679 47358 77518 82441 13055 13703 61567 89357 692 77360 58815 50093 8428 76803 42455 93016 60736 89572 39047 81371 77811 41004 76238 3028 9988 5346 8082 24381 71792 3894 35267 87204 80829 87120 82754 19111 42135 48802 19918 65627 90493 80358 47133 19192 68355 16815 92654 83259 41424 12122 62410 99323 19766 22304 51926 94168 79082 36183 81043 97627 
60 79 29
68
74728 85261 28782 77410 87015 91462 45224 64560 52047 97740 25231 50784 50084 32187 65215 54943 56941 43274 42099 39196 17877 47298 92362 16502 12727 93632 90317 35993 4941 27611 41317 44817 7810 50540 76833 33365 87291 50042 4172 89020 34991 75714 85581 20107 45789 60561 49573 10460 78774 93689 63538 88830 56989 6940 25259 43141 57698 48691 83677 75904 37707 58162 42141 34985 91488 63603 12505 84658 
91 76 24
45
34200 82401 45229 77513 21424 88962 35243 45039 63930 43650 99092 14894 27021 74804 33449 257 38804 60210 45838 17386 83896 90152 16735 51615 54244 35165 55380 35455 5856 66385 57672 87765 10445 8373 6665 80907 46432 9428 48794 81132 80200 77015 60133 56462 56809 
4 27 11
78
41283 15418 31824 25373 51953 15589 96046 76878 7697 34385 87856 41519 71800 96512 51606 72198 63545 16746 23739 16513 60530 86260 23626 77243 53413 79204 87064 71640 37717 51444 21698 45005 60225 40322 48194 6807 86918 28837 24645 73825 41740 45513 440 5081 89223 34903 71337 8724 3881 71604 3173 85811 56130 74442 5248 89651 93817 77872 68616 88752 1283 40488 19547 80157 34937 41203 48808 97874 62756 73081 18805 10073 99649 8571 31205 40219 59116 62624 
32 56 24
81
35929 8596 85458 13797 31544 81779 13562 89047 26281 88289 12823 31012 90822 76666 73069 61543 39655 32460 64877 86278 88011 37663 54650 82525 78666 31940 34591 46048 85782 8627 59646 83959 41518 57731 92114 48838 79752 24242 20427 83702 10578 95357 30230 84578 8763 93958 89961 39204 30855 10640 77477 9286 23330 67798 18268 14107 25406 58216 46925 35557 94228 2051 81690 92047 58299 47801 93631 31752 1982 81530 30870 67500 62121 76512 13635 42704 18426 28813 56902 35759 90389 
34 45 14
62
87755 37155 15785 22909 61614 12350 6874 79666 86621 56730 1054 70746 14452 29530 25827 68865 57961 64114 78611 12789 54562 55360 17969 29734 60891 42801 87254 21839 69628 48687 14239 71825 9681 20778 67029 71497 29705 84812 67754 69341 66682 84279 8427 68948 42031 29265 27435 3951 55604 90973 93870 50519 73369 30225 86321 34369 62757 45217 93126 31635 60274 57946 
63 71 48
74
50463 93015 24701 89487 96123 90319 97360 56021 32752 59224 4783 50530 39668 41828 37632 2012 11409 46539 24473 90156 46344 10222 92367 79901 85461 82306 34350 12514 84120 46034 38664 51568 13225 19076 46550 5321 74460 20570 58567 82576 66454 96503 75897 19805 33658 44540 84410 18062 97990 42096 58731 14115 6019 93934 19337 59290 87017 70994 99277 91056 59406 13655 75252 78035 38495 89854 67951 26562 7605 23079 62636 38047 49773 99397 
93 21 45
37
19088 9061 56525 43596 67278 88961 95813 3782 97150 72612 96167 25696 45059 25574 30227 83413 73092 313 58975 52914 67147 66280 83056 97216 19351 93616 92226 36867 33275 27061 3885 41595 63973 32522 31100 14203 77760 
23 65 42
31
89340 14677 26523 60512 53112 27751 55989 78431 3667 39394 18088 75135 62099 6732 14344 61112 3222 62692 42040 32462 98868 91947 5184 71236 81043 47377 16421 27257 91872 12057 23305 
58 27 35
11
94430 38603 35740 56730 77807 64966 26627 76278 8610 15998 33740 
94 61 43
5
39647 31348 13830 71000 9576 
53 93 19
56
57522 2509 68853 72943 91354 33144 59056 54874 27844 78778 31192 19393 29942 60012 18492 23054 69717 89676 61078 50895 14640 78064 6014 38363 62538 61931 27556 34741 2927 61646 49402 40114 44105 41795 60143 52845 66643 59364 23348 24859 35670 74516 80768 34274 47888 25655 39039 54809 90641 9343 95713 80963 86629 53882 220 13682 
54 62 13
56
35792 4465 56403 23109 9488 31297 77651 15782 97271 59872 76710 67117 4898 10124 80198 16705 5054 41673 4616 75724 15011 6059 79925 8137 70872 30147 34562 9405 25516 49881 93953 7792 17577 38775 46653 45104 12105 45133 41948 87163 90127 59423 13759 87794 86159 63575 2811 7586 44068 88202 85287 34937 20340 20004 9301 41626 
75 43 17
8
30375 80303 44434 31986 8854 84041 3097 62830 
73 4 37
98
65008 4086 87706 80372 28156 73686 68401 68742 28418 63772 14043 28634 45438 23736 34395 97574 69836 2179 50943 69963 26163 4932 9654 94160 98909 55705 10728 1070 60185 69777 5244 10007 88701 1427 69348 64387 66892 86730 75013 18857 18774 62602 69617 41506 36658 92209 72104 55962 84344 19525 58766 35337 68060 67505 86037 58972 46029 64749 93145 51741 56871 62177 80191 70772 27455 61926 91311 95288 50563 64373 70558 11671 206 59430 73705 29581 95885 55440 11142 88844 85849 17066 14472 94359 33402 32604 91417 28327 77999 85264 62813 87031 45995 36457 53062 7129 79951 57592 
73 79 2
73
65722 48501 29631 87562 34529 23433 54555 86247 43175 36416 61971 65861 32068 49334 24759 34886 34888 83880 7765 4886 92511 93720 71100 11404 12648 44007 50972 52935 91904 34271 56889 18795 43474 99007 94419 66113 99035 35483 61433 96221 86342 1009 28590 58797 58415 14676 59069 83060 122 87121 27500 67028 17248 32733 17996 29842 67884 95358 64460 9274 78770 79144 35674 25583 35844 59337 4451 57299 59209 59698 68924 11128 56050 
53 100 39
41
6746 40938 16162 26076 83499 11128 94619 17544 3337 10274 71742 2829 8591 3768 22331 32738 52247 33622 43953 9243 43036 64030 32268 92268 70415 69637 36122 76153 25668 73483 10408 31077 42410 73980 31851 77206 90549 35146 34363 78878 27143 
68 28 25
94
55327 31493 36337 44284 56536 95412 42051 42262 41362 35113 3626 30023 31244 70542 18089 20890 96269 93349 39956 59590 45667 80956 10753 91082 13594 42615 21943 27750 11779 16128 38326 18174 89803 38293 44858 53514 92473 48900 57825 36970 68856 200 14206 87277 55606 37407 8627 93244 93818 30854 10070 60478 98360 54685 80981 65241 52460 14657 328 10613 32111 94238 62536 33608 39362 3053 82956 48286 59243 3973 82101 94254 45887 38450 48502 21905 84901 88871 78846 12235 70918 88577 15717 7220 90391 31496 31427 52734 10717 54806 5697 49055 52462 73489 
89 41 45
25
7884 54329 44893 79363 25630 20290 40048 38915 95387 86864 57717 30265 96423 31651 46191 76588 24994 22476 81765 73892 31905 63372 62668 94689 15127 
10 20 23
19
55459 95164 89332 75123 80030 81955 45355 7475 40204 77571 13793 73912 19177 74295 95143 68449 35677 58315 44585 
83 15 8
76
678 46975 56692 24552 92104 19876 42297 24088 19936 51025 98873 66438 50697 80658 31280 78284 22181 6536 34415 54143 52785 32839 38647 71224 75900 17263 45650 63859 50594 69325 78567 6451 79518 3763 57392 48557 97462 88242 34062 61424 9711 96657 93020 88413 69063 17999 46538 57383 34185 63466 96327 85330 86608 97936 22722 53826 39830 31197 7754 65163 62535 1724 46845 69814 74375 22412 14481 57799 9546 1329 37354 78829 58660 13415 52286 38378 
10 1 6
77
6514 35442 21929 44107 12519 82494 51537 48075 8112 36029 55441 2555 48831 93428 69824 8922 2232 37380 12336 17030 35806 81258 64244 97263 25343 67325 50783 26256 63685 56225 98136 82031 52653 10721 38671 89805 66899 16270 3204 3143 45854 25062 25448 22906 39764 81928 21243 81834 84280 83493 84829 52447 8405 75271 64344 76922 81062 59202 79162 83895 5390 66657 2315 53446 29957 12582 38605 82192 22529 66386 2980 73523 64718 68127 71681 47234 30875 
72 15 1
67
12254 59043 86711 46546 78439 68301 21750 31737 87971 12560 19387 20755 268 7528 56983 61674 46315 75500 2041 76217 40042 41403 67068 30322 83530 58009 68104 95177 25783 28214 1352 31258 67843 17007 55752 83692 12725 14181 92111 76979 30806 74960 6073 58574 30490 50768 40499 99123 66257 26772 58320 92694 12835 36366 93308 96702 44163 81315 20086 6765 63138 68682 66984 40895 77592 31445 95252 
62 51 29
80
2005 29023 80458 42144 46635 37057 98052 96711 4231 58744 14255 28605 27566 61450 61503 6740 15741 90381 7549 31493 23851 54808 47979 723 33391 43672 63550 75818 41162 41115 15760 72201 72599 7378 3567 34272 93113 13806 64811 98511 73298 47552 6490 19313 9169 51853 29124 40188 46704 76597 81944 31021 49573 83606 54972 50855 70308 89791 90248 75076 24023 94474 3584 69735 27768 93887 43039 27320 73995 23260 69092 70728 79532 20806 47503 16765 6561 32099 42840 23268 
18 35 29
76
59925 3578 92385 71390 39695 95952 77822 75430 97005 19244 2259 14593 19082 63194 38628 55162 4130 59245 29178 19507 53985 49637 5201 44320 89441 98153 35288 19154 85548 29481 29932 92043 35036 37454 74215 10390 21969 2669 64478 81244 40686 28120 44100 53244 86054 80976 93468 97364 34575 30141 18074 95885 55215 71871 34039 7193 73302 64043 16662 56700 35836 49472 90667 63699 34797 7893 30869 26983 14731 15687 24381 48032 38967 38344 76953 68623 
35 9 45
27
47145 67919 56771 20717 87333 88712 70067 19485 90990 13182 63961 87512 1213 72414 65183 1768 86859 8840 89534 81218 1666 20513 50857 38650 20060 65108 85871 
59 7 13
45
86627 8849 53089 10276 30777 17300 71513 8274 19741 74302 1600 78833 24323 30774 81135 31555 33678 16164 12415 41519 38249 70177 68767 41642 16517 87719 97081 9611 99626 5307 29425 69054 21091 9612 78436 27352 59244 94953 52313 83521 91894 53623 37887 19096 63191 
25 47 15
81
99273 6874 90635 70056 55906 10150 13014 91040 93141 71880 84212 90398 23562 83398 30536 45933 28762 27496 57981 10022 8932 71179 76825 54137 56715 53192 2229 36276 1623 606 65494 93986 25859 12966 58389 52450 87412 57322 98822 13269 31361 43334 16953 2699 22302 13231 74294 99192 35085 2118 86821 80758 78823 66452 43683 3235 62945 61271 43989 2570 94357 87915 842 94016 51128 93777 86132 84883 34031 46821 59204 32478 13321 68606 38007 71275 77548 13170 49767 55844 49554 
59 53 6
91
3147 72320 24230 79661 26470 56519 12538 70071 42242 98583 72722 26034 69405 49252 9243 33817 17151 14305 8650 77324 93066 94162 87414 93000 77310 25387 82244 24734 85927 1797 86331 99492 35715 305 86411 57436 15824 77357 11245 15366 8795 48667 45732 90957 17348 62283 68694 10260 57172 45553 93056 41625 42806 69280 91004 64828 98706 18508 21273 67434 72526 244 84733 1181 13859 77582 74055 40851 68155 79246 26940 74643 92792 73007 33662 24690 2669 29936 8307 19521 82619 84311 753 2607 58933 45903 17129 33151 83600 75807 87004 
100 16 24
29
58721 86342 63047 74101 8904 7841 16496 90844 49042 16893 71321 65813 76874 72323 78723 76975 28203 41821 37935 31628 78398 33572 8322 15691 56974 32221 63226 95857 75537 
27 3 21
49
64382 75352 54044 81720 49752 15982 65645 12335 49140 10649 41651 96867 43935 95218 42237 38863 82067 45064 34546 31768 81195 70836 17368 68568 21175 11670 84372 88661 76235 33715 69879 86431 39308 96561 23339 11168 19220 63121 52661 16143 29525 75627 39682 2394 91261 70958 23861 45075 91707 
42 27 44
67
95489 42130 75171 53617 63480 72715 52642 44555 17080 36640 97019 31255 35664 94963 47556 40835 75782 50483 61369 34293 51298 6799 4224 87264 97663 33447 49542 14938 5258 83870 99479 31102 60304 80834 73574 88369 15609 25410 26351 68089 20440 15365 45871 16127 32371 97374 17521 83512 52012 19509 33650 71426 31879 82847 95469 8632 56072 16260 61960 27564 82649 37323 41938 36491 25239 49317 47351 
68 60 19
70
21996 76728 10093 36457 43519 4349 68363 70857 3829 69011 62389 62782 92155 16484 49055 21702 34850 73634 14747 98927 74481 86992 55182 95952 14406 38598 82601 40418 94660 36602 24481 85346 50997 12549 45867 2860 67984 41164 30016 89792 36405 65270 22715 56354 63784 53396 3870 97566 51674 36972 14484 18907 99048 31472 75762 2314 30288 42409 66579 54066 58843 68546 50465 97694 41800 40351 80098 6079 61907 67318 
75 19 9
93
48795 6259 75366 92914 35454 39194 24801 26286 38658 67775 17187 10836 29765 98004 34505 14956 79150 93863 76991 25144 4381 42394 5471 18858 51454 14222 67050 85385 59434 60318 34029 34974 47159 51154 65693 79849 32918 42698 33478 42716 24153 40893 22770 4928 90771 29677 10786 43576 55127 52949 33664 39838 77410 1851 22816 91848 93852 89768 1834 86420 36785 42761 93106 41767 23025 33827 2578 15211 49409 56351 7156 36590 27088 76209 41504 50626 99466 49423 79915 7271 10036 17119 66896 80484 83033 12285 96586 39275 28223 6404 6330 12772 83781 
95 67 20
65
44802 14295 54324 14091 85454 96159 66188 41533 68395 91462 92426 52206 98638 30128 91274 37370 84509 68466 95619 37648 1913 84184 96547 82173 62226 56937 39717 94612 98980 54155 25670 85981 42904 9264 44812 64456 58828 8931 69791 27097 43151 53727 35140 23512 68809 21849 94924 30930 34936 5945 85227 32746 92903 60130 24178 69111 14774 98011 9360 22334 37718 32184 46144 91201 65121 
52 57 47
58
54593 35299 89927 14449 68914 61063 63534 88535 68433 75388 31748 9948 45824 7906 18978 97281 34995 17966 48771 81450 62304 6420 8880 64789 11145 32961 98332 93017 37764 59252 67000 29107 52739 78217 4680 6556 4175 28886 5424 73470 48192 25433 21200 9639 81989 31075 2909 18701 52325 97722 52766 37038 33804 85839 16281 40312 35951 94458 
93 20 37
27
85818 90104 97696 11733 53245 94236 80452 70594 28596 47549 98025 21434 12012 60326 40928 30332 19342 55916 93259 26343 41389 76829 96481 78853 72345 87231 39937 
12 2 31
60
39124 44400 84547 82747 69315 33732 87137 21453 65004 84605 34791 93514 69088 3958 28407 93870 10084 94251 64844 2231 80558 7185 25805 66342 94156 55301 63374 23461 52597 89628 36245 59385 26234 83928 67890 98165 85265 33649 41729 94374 43242 31607 68974 21279 50079 94764 11460 54144 23077 29184 94524 18937 8802 23647 72109 37228 92552 64447 32710 90691 
78 56 34
19
10601 11805 24562 59025 32756 66064 80590 15158 58974 11225 54704 73723 63559 44262 93674 54068 53256 12047 81042 
77 82 26
22
91243 43360 35412 63570 62347 74945 4453 43555 90092 96406 69620 89713 30885 80799 64312 68942 95895 95367 40110 92724 94029 23464 
16 42 20
32
32818 94469 58917 85271 3811 38517 3271 9897 18150 69525 25665 555 29286 48768 88412 45809 64779 38138 42017 47544 53555 77738 12913 53561 79948 50373 79946 65219 85880 62310 92827 39144 
67 15 32
29
53292 81612 64392 64398 2286 45992 54453 20343 26856 29376 71326 49011 11926 90577 16514 34790 65242 65573 89543 1584 40171 26592 14455 40609 53872 72782 48774 71274 10186 
91 34 50
41
48722 68536 87166 13368 39083 91866 41283 53652 95665 80454 22446 92314 87316 25393 16116 83912 58143 22396 15314 66963 47077 93105 92045 43544 58206 63298 47977 72030 34004 7904 52681 11985 91180 27661 36069 19990 36889 58968 93109 61872 65136 
95 80 42
6
59356 93128 34523 19325 68015 61676 
51 96 38
63
68717 30386 37953 33203 76362 55663 56627 71237 10110 93026 32509 38420 79398 38900 29301 51289 398 85243 8317 3655 66441 91184 78647 22468 66003 70725 80232 30716 77812 25840 27958 28059 31409 93371 48393 56987 43053 70852 23427 16947 745 23630 57124 87344 31478 2526 25003 29318 79980 61612 45397 20424 32889 94985 97786 1824 22202 33103 444 93612 56742 65955 73940 
100 47 38
93
84799 19798 8972 92136 65610 83218 57435 53741 61320 40126 1201 34357 49662 13318 35754 14013 67947 56004 29190 31868 6651 96485 9924 47607 70625 60613 69360 8772 73304 34468 1317 35091 80144 51237 93605 82515 27241 69768 61671 12831 87362 57798 19229 79824 69299 56570 17164 79672 13287 52655 33478 47782 67108 14701 39079 58436 33081 13226 31488 4648 62368 70197 83816 37506 24155 1656 24509 20220 66253 25893 59752 36284 26948 54580 81073 87689 61576 7545 21599 2218 82519 18402 15731 87900 23069 12551 61202 62363 9428 13800 17124 26483 64039 
72 44 36
43
64441 21533 58150 72851 86584 67236 46223 7076 26455 36948 37725 35333 97022 14918 26971 88768 78692 19828 40043 15087 97383 1846 41438 93273 70057 20560 10539 85320 36193 80008 90328 55867 74372 25020 17586 90883 73542 12864 1670 58496 42956 83155 97939 
16 31 17
19
16339 71926 15503 74917 35464 67271 52275 91443 34600 86579 55149 94654 74249 87278 73427 88245 75869 10374 97714 
89 33 49
58
47004 54675 75314 66894 94872 59958 48239 83432 15441 18173 66131 201 30751 87575 44591 381 69001 73763 84064 28034 57376 54192 23743 50035 56664 78637 92968 91284 56736 1092 77215 68526 18640 89732 13886 72159 90064 61219 33666 27400 42933 27619 35824 61771 90226 920 68727 69359 46554 90651 68832 46481 80223 23209 36177 95150 85690 32950 
99 39 37
23
42590 7409 53651 6160 46384 49932 78024 31894 5249 31219 36035 67772 39155 80027 91310 88673 21418 8508 13167 49252 55759 7967 17413 
52 30 24
78
77240 43008 81125 22152 78754 50910 26089 20813 21517 37327 95762 28764 29478 83775 26805 61622 59850 27842 46935 50597 98588 84470 69302 25217 14119 41867 67587 50844 60684 7609 93769 52701 53015 30744 32302 22570 12236 2645 6963 32093 10456 54078 52018 9299 70845 11567 55113 33864 82210 19026 50311 72608 60469 52822 3285 72748 68744 25898 12842 44641 13369 94968 76797 93869 65018 95262 81219 94003 14102 20753 68008 71146 27298 77746 48983 29202 20663 63325 
41 37 50
