20
5 6
32 41 108 117 137 
5 7
102 47 144 195 169 
5 5
113 49 117 86 175 
10 5
84 187 80 125 115 157 194 198 42 28 
9 5
166 48 195 50 144 45 52 15 81 
5 8
71 78 108 82 113 
10 10
86 50 165 188 126 3 38 196 114 138 
10 8
67 192 90 105 168 95 77 125 39 84 
5 7
124 33 64 185 18 
8 8
52 2 154 38 67 8 175 103 
7 9
20 187 50 110 162 85 147 
8 6
57 146 157 149 176 142 107 72 
9 7
137 180 142 113 93 183 74 4 21 
8 7
5 3 28 69 170 193 51 153 
7 7
38 31 124 190 43 3 166 
5 6
177 192 173 200 29 
5 6
40 51 98 164 12 
7 5
41 70 114 17 102 180 41 
10 5
8 188 27 111 108 31 143 37 159 120 
7 8
32 82 180 184 22 164 12 
